0 [|-|] 1 0
0 [&-&] 2 0
0 [+-+] 3 0
0 [*-*] 4 0
0 [?-?] 5 0
0 [(-(] 6 0
0 [)-)] 7 0
0 [[-[] 8 0
0 []-]] 9 0
0 [---] 10 0
0 [!-~] 11 0
0 [!-!] 11 0
1 [+-+] 12 1120
1 [*-*] 13 1120
1 [?-?] 14 1120
2 [+-+] 12 1120
2 [*-*] 13 1120
2 [?-?] 14 1120
3 [+-+] 12 1120
3 [*-*] 13 1120
3 [?-?] 14 1120
4 [+-+] 12 1120
4 [*-*] 13 1120
4 [?-?] 14 1120
5 [+-+] 12 1120
5 [*-*] 13 1120
5 [?-?] 14 1120
6 [+-+] 12 1120
6 [*-*] 13 1120
6 [?-?] 14 1120
7 [+-+] 12 1120
7 [*-*] 13 1120
7 [?-?] 14 1120
8 [|-|] 15 1120
8 [&-&] 15 1120
8 [+-+] 16 1120
8 [*-*] 17 1120
8 [?-?] 18 1120
8 [(-(] 15 1120
8 [)-)] 15 1120
8 [[-[] 15 1120
8 []-]] 15 1120
8 [---] 15 1120
8 [!-~] 15 1120
8 [!-!] 15 1120
9 [+-+] 12 1120
9 [*-*] 13 1120
9 [?-?] 14 1120
10 [+-+] 12 1120
10 [*-*] 13 1120
10 [?-?] 14 1120
11 [+-+] 12 1120
11 [*-*] 13 1120
11 [?-?] 14 1120
12 [|-|] 19 0
12 [!-~] 20 0
12 [!-!] 20 0
13 [|-|] 19 0
13 [!-~] 20 0
13 [!-!] 20 0
14 [|-|] 19 0
14 [!-~] 20 0
14 [!-!] 20 0
15 [---] 21 0
16 [|-|] 19 0
16 [---] 21 0
16 [!-~] 20 0
16 [!-!] 20 0
17 [|-|] 19 0
17 [---] 21 0
17 [!-~] 20 0
17 [!-!] 20 0
18 [|-|] 19 0
18 [---] 21 0
18 [!-~] 20 0
18 [!-!] 20 0
19 [|-|] 22 0
19 [&-&] 22 0
19 [+-+] 22 0
19 [*-*] 22 0
19 [?-?] 22 0
19 [(-(] 22 0
19 [)-)] 22 0
19 [[-[] 22 0
19 []-]] 22 0
19 [---] 22 0
19 [!-~] 22 0
19 [!-!] 22 0
20 [|-|] 22 0
20 [&-&] 22 0
20 [+-+] 22 0
20 [*-*] 22 0
20 [?-?] 22 0
20 [(-(] 22 0
20 [)-)] 22 0
20 [[-[] 22 0
20 []-]] 22 0
20 [---] 22 0
20 [!-~] 22 0
20 [!-!] 22 0
21 [|-|] 23 0
21 [&-&] 23 0
21 [+-+] 23 0
21 [*-*] 23 0
21 [?-?] 23 0
21 [(-(] 23 0
21 [)-)] 23 0
21 [[-[] 23 0
21 []-]] 23 0
21 [---] 23 0
21 [!-~] 23 0
21 [!-!] 23 0
22 [+-+] 24 1120
22 [*-*] 25 1120
22 [?-?] 26 1120
23 []-]] 27 0
24 [|-|] 19 1120
24 [+-+] 12 1120
24 [*-*] 13 1120
24 [?-?] 14 1120
24 [!-~] 20 1120
24 [!-!] 20 1120
25 [|-|] 19 1120
25 [+-+] 12 1120
25 [*-*] 13 1120
25 [?-?] 14 1120
25 [!-~] 20 1120
25 [!-!] 20 1120
26 [|-|] 19 1120
26 [+-+] 12 1120
26 [*-*] 13 1120
26 [?-?] 14 1120
26 [!-~] 20 1120
26 [!-!] 20 1120
27 ----- -1 1110
