0 [---] 1 0
0 [|-|] 2 0
0 [A-Z] 3 0
0 [a-z] 4 0
0 [\-\] 5 0
0 [;-;] 6 0
0 [.-.] 7 0
1 [>->] 8 0
2 ----- -1 20
3 [A-Z] 9 30
3 [a-z] 10 30
3 [0-9] 11 30
4 [A-Z] 12 30
4 [a-z] 13 30
4 [0-9] 11 30
5 [---] 14 0
5 [|-|] 15 0
5 []-]] 16 0
5 [[-[] 17 0
5 [)-)] 18 0
5 [(-(] 19 0
5 [?-?] 20 0
5 [!-!] 21 0
5 [+-+] 22 0
5 [*-*] 23 0
6 ----- -1 40
7 ----- -1 50
8 ----- -1 10
9 [A-Z] 9 30
9 [a-z] 10 30
9 [0-9] 11 30
10 [A-Z] 12 30
10 [a-z] 10 30
10 [0-9] 11 30
11 [A-Z] 12 30
11 [a-z] 10 30
11 [0-9] 11 30
12 [A-Z] 12 30
12 [a-z] 10 30
12 [0-9] 11 30
13 [A-Z] 12 30
13 [a-z] 13 30
13 [0-9] 11 30
14 ----- -1 30
15 ----- -1 30
16 ----- -1 30
17 ----- -1 30
18 ----- -1 30
19 ----- -1 30
20 ----- -1 30
21 ----- -1 30
22 ----- -1 30
23 ----- -1 30
